1 1 0 0 0 0 0 0 0 0 0 0 0 0 0 0 0 0 0 0 0 0 0 0 0 0 0 0 0 0 0 0 0 0 0 0 0
1 1 45 0 0 0 0 0 0 0 0 0 0 0 0 0 0 0 0 0 0 0 0 0 0 0 0 0 0 0 0 0 0 0 0 0 0
1 1 90 0 0 0 0 0 0 0 0 0 0 0 0 0 0 0 0 0 0 0 0 0 0 0 0 0 0 0 0 0 0 0 0 0 0
1 1 90 10 0 0 -5 0 0 56 33 -28 84 0 0 0 56 -81 29 93 0 0 0 6 -68 -39 59 0 0 0 1 45 11 21 0 0 0
1 1 90 -10 0 0 5 0 0 41 72 -15 84 0 0 0 56 -81 29 93 0 0 0 14 -30 -14 42 0 0 0 1 45 11 21 0 0 0
1 1 90 10 0 0 -5 0 0 56 33 -28 84 0 0 0 56 -81 29 93 0 0 0 6 -68 -39 59 0 0 0 1 45 11 21 0 0 0
1 1 90 -10 0 0 5 0 0 41 72 -15 84 0 0 0 56 -81 29 93 0 0 0 14 -30 -14 42 0 0 0 1 45 11 21 0 0 0
1 1 90 10 0 0 -5 0 0 41 71 -15 84 0 0 -1 63 -21 48 93 0 0 0 13 -30 -14 42 0 0 0 1 68 41 53 0 0 0
1 1 90 -10 0 0 5 0 0 41 72 -15 84 0 0 0 56 -81 29 93 0 0 0 14 -30 -14 42 0 0 0 1 45 11 21 0 0 0
1 1 90 10 0 0 -5 0 0 56 33 -28 84 0 0 0 56 -81 29 93 0 0 0 6 -68 -39 59 0 0 0 1 45 11 21 0 0 0
1 1 90 0 0 0 0 0 0 41 72 -15 84 0 0 0 56 -81 29 93 0 0 0 14 -30 -14 42 0 0 0 1 45 11 21 0 0 0
1 1 90 0 0 0 0 0 0 41 72 -15 84 0 0 0 56 -81 29 93 0 0 0 14 -30 -14 42 0 0 0 1 45 11 21 0 0 0
1 1 90 10 0 0 -5 0 0 41 71 -15 84 0 0 -1 63 -21 48 93 0 0 0 13 -30 -14 42 0 0 0 1 68 41 53 0 0 0
1 1 90 -10 0 0 5 0 0 41 72 -15 84 0 0 0 56 -81 29 93 0 0 0 14 -30 -14 42 0 0 0 1 45 11 21 0 0 0
1 1 90 10 0 0 -5 0 0 41 71 -15 84 0 0 -1 63 -21 48 93 0 0 0 13 -30 -14 42 0 0 0 1 68 41 53 0 0 0
1 1 90 -10 0 0 5 0 0 41 72 -15 84 0 0 0 56 -81 29 93 0 0 0 14 -30 -14 42 0 0 0 1 45 11 21 0 0 0
1 1 90 10 0 0 -5 0 0 56 33 -28 84 0 0 0 56 -81 29 93 0 0 0 6 -68 -39 59 0 0 0 1 45 11 21 0 0 0
1 1 90 -10 0 0 5 0 0 41 72 -15 84 0 0 0 56 -81 29 93 0 0 0 14 -30 -14 42 0 0 0 1 45 11 21 0 0 0
1 1 90 10 0 0 -5 0 0 41 71 -15 84 0 0 -1 63 -21 48 93 0 0 0 13 -30 -14 42 0 0 0 1 68 41 53 0 0 0
1 1 90 0 0 0 0 0 0 41 72 -15 84 0 0 0 56 -81 29 93 0 0 0 14 -30 -14 42 0 0 0 1 45 11 21 0 0 0
